test metrics: 
              precision    recall  f1-score   support

           0     0.7231    0.8103    0.7642        58
           1     0.9216    0.8545    0.8868        55
           2     0.9016    0.9322    0.9167        59
           3     0.8235    0.8485    0.8358        66
           4     0.8065    0.9259    0.8621        54
           5     0.8730    0.9016    0.8871        61
           6     0.9123    0.8254    0.8667        63
           7     0.9286    0.8478    0.8864        46
           8     0.8448    0.8909    0.8673        55
           9     0.8116    0.8889    0.8485        63
          10     0.7833    0.7833    0.7833        60
          11     0.8730    0.8730    0.8730        63
          12     0.6167    0.6271    0.6218        59
          13     0.8704    0.9592    0.9126        49
          14     0.9483    0.8333    0.8871        66
          15     0.9000    0.8333    0.8654        54
          16     0.9130    0.7241    0.8077        58
          17     0.9355    0.9508    0.9431        61
          18     0.9661    1.0000    0.9828        57
          19     0.6143    0.7167    0.6615        60
          20     0.8788    0.9206    0.8992        63
          21     0.4815    0.4727    0.4771        55
          22     0.6970    0.3651    0.4792        63
          23     0.6000    0.6316    0.6154        76
          24     0.5054    0.7344    0.5987        64
          25     0.8667    0.9630    0.9123        54
          26     0.9231    0.9677    0.9449        62
          27     0.7541    0.8214    0.7863        56
          28     0.9091    0.8197    0.8621        61
          29     0.9423    0.9074    0.9245        54
          30     0.8750    0.9492    0.9106        59
          31     0.8654    0.8182    0.8411        55
          32     0.9062    0.9206    0.9134        63
          33     0.8571    0.8727    0.8649        55
          34     0.7255    0.6167    0.6667        60
          35     0.9000    0.9000    0.9000        60
          36     0.9167    0.8871    0.9016        62
          37     0.8356    0.8592    0.8472        71
          38     0.9403    0.9000    0.9197        70
          39     0.8772    0.9091    0.8929        55
          40     0.9855    0.9067    0.9444        75
          41     1.0000    0.9818    0.9908        55
          42     0.9661    1.0000    0.9828        57
          43     0.9841    1.0000    0.9920        62
          44     0.7018    0.6780    0.6897        59
          45     0.9423    0.8033    0.8673        61
          46     0.8788    0.9355    0.9062        62
          47     0.9016    0.8871    0.8943        62
          48     0.9000    0.8438    0.8710        64

    accuracy                         0.8413      2942
   macro avg     0.8466    0.8428    0.8420      2942
weighted avg     0.8458    0.8413    0.8407      2942

Accuracy: 84.13%
Precision: 84.58%
Recall: 84.13%
F1-score: 84.07%
-----------------------
train metrics:
              precision    recall  f1-score   support

           0     0.9532    0.9295    0.9412       241
           1     0.9811    0.9848    0.9830       264
           2     0.9795    0.9917    0.9856       241
           3     0.9703    0.9786    0.9745       234
           4     0.9838    0.9878    0.9858       246
           5     0.9957    0.9791    0.9873       239
           6     0.9914    0.9747    0.9830       237
           7     0.9879    0.9606    0.9741       254
           8     0.9839    0.9959    0.9899       245
           9     0.9874    0.9958    0.9916       237
          10     0.9583    0.9583    0.9583       240
          11     0.9873    0.9873    0.9873       237
          12     0.9211    0.8861    0.9032       237
          13     0.9801    0.9801    0.9801       251
          14     0.9561    0.9316    0.9437       234
          15     0.9836    0.9677    0.9756       248
          16     0.9916    0.9875    0.9896       240
          17     1.0000    0.9833    0.9916       239
          18     0.9917    0.9877    0.9897       243
          19     0.8735    0.8917    0.8825       240
          20     0.9830    0.9747    0.9788       237
          21     0.8074    0.8041    0.8057       245
          22     0.9330    0.7046    0.8029       237
          23     0.8008    0.8795    0.8383       224
          24     0.7075    0.8814    0.7849       236
          25     0.9798    0.9878    0.9838       246
          26     1.0000    0.9958    0.9979       238
          27     0.9444    0.9794    0.9616       243
          28     0.9710    0.9791    0.9750       239
          29     0.9959    0.9878    0.9918       246
          30     0.9837    1.0000    0.9918       241
          31     0.9832    0.9551    0.9689       245
          32     0.9438    0.9916    0.9671       237
          33     0.9705    0.9388    0.9544       245
          34     0.8771    0.8625    0.8697       240
          35     0.9788    0.9625    0.9706       240
          36     0.9958    0.9958    0.9958       236
          37     0.8907    0.9607    0.9244       229
          38     0.9783    0.9783    0.9783       230
          39     0.9835    0.9755    0.9795       245
          40     0.9913    1.0000    0.9956       227
          41     1.0000    1.0000    1.0000       245
          42     0.9878    0.9959    0.9918       243
          43     1.0000    1.0000    1.0000       238
          44     0.9375    0.8714    0.9032       241
          45     0.9794    0.9958    0.9876       239
          46     0.9749    0.9790    0.9769       238
          47     0.9916    0.9916    0.9916       239
          48     0.9745    0.9703    0.9724       236

    accuracy                         0.9581     11772
   macro avg     0.9592    0.9579    0.9579     11772
weighted avg     0.9597    0.9581    0.9582     11772

Accuracy: 95.81%
Precision: 95.97%
Recall: 95.81%
F1-score: 95.82%
For Graph Plotting

Total EPOCHs :  30
Total Clients :  2
Global Loss list :  [3.7555346488952637, 2.7187464237213135, 1.9231417179107666, 1.4422904253005981, 1.1966460943222046, 1.0370475053787231, 0.9520938396453857, 0.8544985055923462, 0.8018103241920471, 0.7359557151794434, 0.7056330442428589, 0.6688653826713562, 0.6350907683372498, 0.6132094860076904, 0.5989328622817993, 0.5954990386962891, 0.5662545561790466, 0.5618601441383362, 0.5351276397705078, 0.5232327580451965]
Global Acc list :  [0.10537049919366837, 0.32902786135673523, 0.5214139819145203, 0.625764787197113, 0.6866077780723572, 0.7114207744598389, 0.727736234664917, 0.7573079466819763, 0.7705642580986023, 0.7817810773849487, 0.7824609279632568, 0.8038749098777771, 0.808973491191864, 0.8181509375572205, 0.8232495188713074, 0.8212100863456726, 0.8280081748962402, 0.8314071893692017, 0.8365057706832886, 0.8412644267082214]